25
40 20 50
50 400 20
66 200 10
260 100 40
200 200 5
150 300 100
400 450 20
300 120 150
500 50 20
450 200 20
200 450 10
100 20 50
450 150 15
150 490 20
350 400 70
256 256 10
256 300 5
384 256 20
128 128 200
256 64 20
32 300 10
400 32 20
500 128 20
300 384 100
192 384 60
35
0 11 18
0 2 18
11 18 19
3 18 19
3 4 18
2 4 18
2 4 18
4 5 20
1 5 20
1 5 24
1 13 24
10 13 24
10 23 24
10 14 23
6 10 14
6 10 13
6 14 17
14 17 23
16 17 23
16 23 24
5 16 24
5 15 16
4 5 15
4 15 17
4 7 17
3 4 7
3 19 21
3 7 21
7 12 21
8 12 21
8 12 22
9 12 22
9 12 17
7 12 17
15 16 17
